1, 0.49967193102922103
2, 0.49958037689784085
3, 0.49959563591973755
4, 0.49964141298542764
5, 0.4997634851606012
6, 0.49961089494163424
7, 0.49965667200732433
8, 0.4994583047226673
9, 0.49964141298542764
10, 0.4994430457007706
11, 0.4992904554818036
12, 0.4997787441824979
13, 0.4994583047226673
14, 0.4992904554818036
15, 0.4994430457007706
16, 0.49948882276646067
17, 0.49958037689784085
18, 0.4994430457007706
19, 0.49964141298542764
20, 0.4996871900511177
21, 0.49951934081025406
22, 0.4994583047226673
23, 0.49953459983215076
24, 0.49965667200732433
25, 0.49951934081025406
26, 0.49950408178835737
27, 0.4994430457007706
28, 0.49961089494163424
29, 0.49961089494163424
30, 0.49958037689784085
31, 0.49951934081025406
32, 0.4994125276569772
33, 0.4994125276569772
34, 0.4994430457007706
35, 0.49964141298542764
36, 0.4994430457007706
37, 0.499473563744564
38, 0.4994430457007706
39, 0.49950408178835737
40, 0.4994430457007706
41, 0.49950408178835737
42, 0.4994430457007706
43, 0.49964141298542764
44, 0.49959563591973755
45, 0.49965667200732433
46, 0.49948882276646067
47, 0.4994277866788739
48, 0.4994125276569772
49, 0.49965667200732433
50, 0.49948882276646067
51, 0.4993820096131838
52, 0.49956511787594415
53, 0.49958037689784085
54, 0.4994430457007706
55, 0.49965667200732433
56, 0.49948882276646067
57, 0.49950408178835737
58, 0.4994277866788739
59, 0.4994125276569772
60, 0.49950408178835737
61, 0.49948882276646067
62, 0.49962615396353094
63, 0.49956511787594415
64, 0.4997329671168078
65, 0.49950408178835737
66, 0.4994277866788739
67, 0.49965667200732433
68, 0.49964141298542764
69, 0.4994430457007706
70, 0.49964141298542764
71, 0.49950408178835737
72, 0.49965667200732433
73, 0.4996871900511177
74, 0.4996871900511177
75, 0.4993820096131838
76, 0.49967193102922103
77, 0.49948882276646067
78, 0.49958037689784085
79, 0.4994125276569772
80, 0.4994583047226673
81, 0.49953459983215076
82, 0.4994430457007706
83, 0.49950408178835737
84, 0.4994277866788739
85, 0.49964141298542764
86, 0.49964141298542764
87, 0.49922941939421683
88, 0.4994430457007706
89, 0.49948882276646067
90, 0.49954985885404746
91, 0.4997024490730144
92, 0.49958037689784085
93, 0.499320973525597
94, 0.49950408178835737
95, 0.4997329671168078
96, 0.49950408178835737
97, 0.4993362325474937
98, 0.49948882276646067
99, 0.4996871900511177
100, 0.499473563744564
101, 0.49964141298542764
102, 0.4997787441824979
103, 0.49961089494163424
104, 0.49950408178835737
105, 0.49953459983215076
106, 0.49962615396353094
107, 0.49964141298542764
108, 0.49953459983215076
109, 0.49967193102922103
110, 0.49958037689784085
111, 0.4993362325474937
112, 0.49962615396353094
113, 0.49967193102922103
114, 0.4993972686350805
115, 0.4994277866788739
116, 0.4993514915693904
117, 0.4993820096131838
118, 0.4993514915693904
119, 0.4994430457007706
120, 0.49959563591973755
121, 0.4993514915693904
122, 0.4996871900511177
123, 0.49964141298542764
124, 0.4994583047226673
125, 0.49950408178835737
126, 0.4997482261387045
127, 0.49919890135042344
128, 0.49958037689784085
129, 0.49965667200732433
130, 0.4997634851606012
131, 0.49950408178835737
132, 0.49965667200732433
133, 0.4993820096131838
134, 0.4997940032043946
135, 0.4994430457007706
136, 0.49959563591973755
137, 0.499320973525597
138, 0.49965667200732433
139, 0.4994430457007706
140, 0.49948882276646067
141, 0.49950408178835737
142, 0.4997024490730144
143, 0.49965667200732433
144, 0.49958037689784085
145, 0.49953459983215076
146, 0.49958037689784085
147, 0.49964141298542764
148, 0.4997177080949111
149, 0.49964141298542764
150, 0.49948882276646067
151, 0.49950408178835737
152, 0.4993667505912871
153, 0.49951934081025406
154, 0.49950408178835737
155, 0.49961089494163424
156, 0.4993514915693904
157, 0.4997634851606012
158, 0.4993057145037003
159, 0.49953459983215076
160, 0.49954985885404746
161, 0.49964141298542764
162, 0.49948882276646067
163, 0.499320973525597
164, 0.49962615396353094
165, 0.49950408178835737
166, 0.4994430457007706
167, 0.4994277866788739
168, 0.49958037689784085
169, 0.49962615396353094
170, 0.4997634851606012
171, 0.49959563591973755
172, 0.49951934081025406
173, 0.49953459983215076
174, 0.49965667200732433
175, 0.49954985885404746
176, 0.49958037689784085
177, 0.49953459983215076
178, 0.4994430457007706
179, 0.4993362325474937
180, 0.49958037689784085
181, 0.49948882276646067
182, 0.49958037689784085
183, 0.49964141298542764
184, 0.49950408178835737
185, 0.49956511787594415
186, 0.49951934081025406
187, 0.49950408178835737
188, 0.4994277866788739
189, 0.49916838330663005
190, 0.4992599374380102
191, 0.4994125276569772
192, 0.4996871900511177
193, 0.499824521248188
194, 0.49950408178835737
195, 0.49958037689784085
196, 0.4997634851606012
197, 0.49965667200732433
198, 0.49950408178835737
199, 0.49953459983215076
200, 0.49956511787594415
201, 0.49951934081025406
202, 0.49962615396353094
203, 0.49953459983215076
204, 0.49924467841611353
205, 0.4993667505912871
206, 0.4993362325474937
207, 0.4997634851606012
208, 0.49951934081025406
209, 0.49953459983215076
210, 0.49950408178835737
211, 0.49956511787594415
212, 0.4993972686350805
213, 0.49958037689784085
214, 0.4996871900511177
215, 0.4993514915693904
216, 0.4996871900511177
217, 0.49959563591973755
218, 0.4994430457007706
219, 0.4993667505912871
220, 0.49951934081025406
221, 0.49950408178835737
222, 0.49953459983215076
223, 0.4993362325474937
224, 0.4992904554818036
225, 0.49961089494163424
226, 0.49953459983215076
227, 0.4994583047226673
228, 0.49951934081025406
229, 0.49965667200732433
230, 0.49965667200732433
231, 0.4997787441824979
232, 0.4994125276569772
233, 0.4994430457007706
234, 0.49948882276646067
235, 0.4998550392919814
236, 0.4993820096131838
237, 0.4994583047226673
238, 0.49958037689784085
239, 0.49951934081025406
240, 0.49950408178835737
241, 0.4993820096131838
242, 0.49950408178835737
243, 0.49958037689784085
244, 0.499320973525597
245, 0.49964141298542764
246, 0.4994277866788739
247, 0.49959563591973755
248, 0.4996871900511177
249, 0.49948882276646067
250, 0.49967193102922103
251, 0.49956511787594415
252, 0.49958037689784085
253, 0.4997634851606012
254, 0.49961089494163424
255, 0.49953459983215076
256, 0.49958037689784085
257, 0.49948882276646067
258, 0.4994125276569772
259, 0.4997634851606012
260, 0.49965667200732433
261, 0.4997634851606012
262, 0.4993667505912871
263, 0.4993362325474937
264, 0.49953459983215076
265, 0.4994430457007706
266, 0.49950408178835737
267, 0.4993362325474937
268, 0.4993362325474937
269, 0.49964141298542764
270, 0.4994430457007706
271, 0.4994430457007706
272, 0.49965667200732433
273, 0.49948882276646067
274, 0.4993972686350805
275, 0.49967193102922103
276, 0.49954985885404746
277, 0.4996871900511177
278, 0.4994277866788739
279, 0.4992751964599069
280, 0.49953459983215076
281, 0.49953459983215076
282, 0.49964141298542764
283, 0.4997634851606012
284, 0.4997634851606012
285, 0.49956511787594415
286, 0.49961089494163424
287, 0.4994430457007706
288, 0.49964141298542764
289, 0.4992904554818036
290, 0.4993667505912871
291, 0.49921416037232014
292, 0.49951934081025406
293, 0.4997634851606012
294, 0.49958037689784085
295, 0.49950408178835737
296, 0.4997634851606012
297, 0.49948882276646067
298, 0.4994277866788739
299, 0.4992904554818036
300, 0.49958037689784085
301, 0.49953459983215076
302, 0.49965667200732433
303, 0.4997634851606012
304, 0.4994430457007706
305, 0.49958037689784085
306, 0.4994430457007706
307, 0.4994430457007706
308, 0.49956511787594415
309, 0.49965667200732433
310, 0.49953459983215076
311, 0.49964141298542764
312, 0.49958037689784085
313, 0.4993667505912871
314, 0.49948882276646067
315, 0.4997329671168078
316, 0.49965667200732433
317, 0.49948882276646067
318, 0.49951934081025406
319, 0.4994430457007706
320, 0.4993514915693904
321, 0.49964141298542764
322, 0.4994430457007706
323, 0.49958037689784085
324, 0.49953459983215076
325, 0.49959563591973755
326, 0.4992751964599069
327, 0.49948882276646067
328, 0.4998855573357748
329, 0.499473563744564
330, 0.4994430457007706
331, 0.49948882276646067
332, 0.4993820096131838
333, 0.49961089494163424
334, 0.4993820096131838
335, 0.4993514915693904
336, 0.49964141298542764
337, 0.49956511787594415
338, 0.49958037689784085
339, 0.4994277866788739
340, 0.4994430457007706
341, 0.4994125276569772
342, 0.4993514915693904
343, 0.4994583047226673
344, 0.49953459983215076
345, 0.49948882276646067
346, 0.49921416037232014
347, 0.499824521248188
348, 0.49965667200732433
349, 0.4994430457007706
350, 0.49964141298542764
351, 0.4993362325474937
352, 0.4994125276569772
353, 0.49965667200732433
354, 0.4993362325474937
355, 0.4993820096131838
356, 0.49953459983215076
357, 0.49953459983215076
358, 0.49964141298542764
359, 0.49950408178835737
360, 0.4996871900511177
361, 0.4993514915693904
362, 0.4997634851606012
363, 0.49959563591973755
364, 0.49950408178835737
365, 0.49958037689784085
366, 0.4993514915693904
367, 0.49951934081025406
368, 0.49950408178835737
369, 0.49951934081025406
370, 0.49961089494163424
371, 0.49958037689784085
372, 0.4992904554818036
373, 0.49959563591973755
374, 0.4992904554818036
375, 0.4994125276569772
376, 0.4994430457007706
377, 0.4993362325474937
378, 0.49953459983215076
379, 0.49959563591973755
380, 0.49965667200732433
381, 0.49948882276646067
382, 0.49961089494163424
383, 0.49964141298542764
384, 0.49961089494163424
385, 0.49964141298542764
386, 0.49961089494163424
387, 0.49948882276646067
388, 0.49962615396353094
389, 0.49956511787594415
390, 0.4994430457007706
391, 0.4994277866788739
392, 0.49964141298542764
393, 0.4993820096131838
394, 0.4993972686350805
395, 0.4996871900511177
396, 0.49950408178835737
397, 0.4994430457007706
398, 0.49948882276646067
399, 0.49948882276646067
400, 0.49965667200732433
401, 0.4994277866788739
402, 0.4994125276569772
403, 0.4994430457007706
404, 0.49953459983215076
405, 0.49948882276646067
406, 0.4996871900511177
407, 0.4996871900511177
408, 0.49962615396353094
409, 0.4993820096131838
410, 0.49965667200732433
411, 0.4997024490730144
412, 0.49958037689784085
413, 0.4997634851606012
414, 0.4996871900511177
415, 0.49948882276646067
416, 0.4994583047226673
417, 0.49965667200732433
418, 0.49961089494163424
419, 0.4993972686350805
420, 0.49951934081025406
421, 0.49948882276646067
422, 0.49951934081025406
423, 0.49959563591973755
424, 0.4993972686350805
425, 0.4994430457007706
426, 0.4993514915693904
427, 0.4994430457007706
428, 0.4994430457007706
429, 0.4996871900511177
430, 0.4994430457007706
431, 0.49965667200732433
432, 0.49964141298542764
433, 0.4994277866788739
434, 0.4996871900511177
435, 0.49950408178835737
436, 0.49953459983215076
437, 0.4994125276569772
438, 0.49967193102922103
439, 0.49948882276646067
440, 0.49962615396353094
441, 0.49964141298542764
442, 0.4994430457007706
443, 0.49959563591973755
444, 0.49951934081025406
445, 0.4997024490730144
446, 0.4992904554818036
447, 0.4994430457007706
448, 0.49964141298542764
449, 0.49959563591973755
450, 0.49950408178835737
451, 0.49964141298542764
452, 0.4997634851606012
453, 0.4993820096131838
454, 0.4994430457007706
455, 0.4993820096131838
456, 0.49959563591973755
457, 0.49950408178835737
458, 0.49964141298542764
459, 0.4993362325474937
460, 0.49962615396353094
461, 0.49951934081025406
462, 0.4993514915693904
463, 0.49951934081025406
464, 0.4996871900511177
465, 0.49959563591973755
466, 0.49964141298542764
467, 0.4993057145037003
468, 0.4994583047226673
469, 0.4997024490730144
470, 0.4994583047226673
471, 0.4994125276569772
472, 0.4994430457007706
473, 0.4994430457007706
474, 0.49953459983215076
475, 0.49959563591973755
476, 0.49958037689784085
477, 0.4997634851606012
478, 0.4997634851606012
479, 0.49956511787594415
480, 0.49956511787594415
481, 0.49958037689784085
482, 0.49965667200732433
483, 0.4994125276569772
484, 0.49962615396353094
485, 0.49964141298542764
486, 0.49958037689784085
487, 0.49958037689784085
488, 0.49958037689784085
489, 0.4994125276569772
490, 0.4993820096131838
491, 0.49964141298542764
492, 0.49950408178835737
493, 0.49950408178835737
494, 0.49964141298542764
495, 0.49956511787594415
496, 0.4992904554818036
497, 0.49953459983215076
498, 0.4994430457007706
499, 0.499320973525597
500, 0.49958037689784085
501, 0.4992904554818036
502, 0.4993820096131838
503, 0.49953459983215076
504, 0.4992904554818036
505, 0.49953459983215076
506, 0.49967193102922103
507, 0.49964141298542764
508, 0.49948882276646067
509, 0.49958037689784085
510, 0.49958037689784085
511, 0.4994277866788739
512, 0.49965667200732433
513, 0.4993667505912871
514, 0.49953459983215076
515, 0.49958037689784085
516, 0.49961089494163424
517, 0.4993820096131838
518, 0.4994430457007706
519, 0.49953459983215076
520, 0.49967193102922103
521, 0.4993362325474937
522, 0.49964141298542764
523, 0.49950408178835737
524, 0.49964141298542764
525, 0.49951934081025406
526, 0.49953459983215076
527, 0.49958037689784085
528, 0.4994125276569772
529, 0.49965667200732433
530, 0.4993667505912871
531, 0.49958037689784085
532, 0.49948882276646067
533, 0.49965667200732433
534, 0.4996871900511177
535, 0.49953459983215076
536, 0.49961089494163424
537, 0.4994430457007706
538, 0.49965667200732433
539, 0.4993362325474937
540, 0.4994125276569772
541, 0.4994430457007706
542, 0.49954985885404746
543, 0.4993057145037003
544, 0.49961089494163424
545, 0.49950408178835737
546, 0.49950408178835737
547, 0.49954985885404746
548, 0.49961089494163424
549, 0.49951934081025406
550, 0.49965667200732433
551, 0.49959563591973755
552, 0.49961089494163424
553, 0.4997024490730144
554, 0.49964141298542764
555, 0.49964141298542764
556, 0.4997634851606012
557, 0.49948882276646067
558, 0.4993820096131838
559, 0.49951934081025406
560, 0.4994430457007706
561, 0.4997634851606012
562, 0.49965667200732433
563, 0.49948882276646067
564, 0.499473563744564
565, 0.49948882276646067
566, 0.49948882276646067
567, 0.49958037689784085
568, 0.49948882276646067
569, 0.49965667200732433
570, 0.49959563591973755
571, 0.49965667200732433
572, 0.4994430457007706
573, 0.49953459983215076
574, 0.49959563591973755
575, 0.49965667200732433
576, 0.49953459983215076
577, 0.49953459983215076
578, 0.4997634851606012
579, 0.4997177080949111
580, 0.49964141298542764
581, 0.4993972686350805
582, 0.49964141298542764
583, 0.4993667505912871
584, 0.4994125276569772
585, 0.49961089494163424
586, 0.49950408178835737
587, 0.4994430457007706
588, 0.4994430457007706
589, 0.49948882276646067
590, 0.4993972686350805
591, 0.49958037689784085
592, 0.49965667200732433
593, 0.4994125276569772
594, 0.4997024490730144
595, 0.49951934081025406
596, 0.4994277866788739
597, 0.49964141298542764
598, 0.4997482261387045
599, 0.49962615396353094
600, 0.49965667200732433
601, 0.4992599374380102
602, 0.49951934081025406
603, 0.49964141298542764
604, 0.4994277866788739
605, 0.4994125276569772
606, 0.49956511787594415
607, 0.49964141298542764
608, 0.4994583047226673
609, 0.49954985885404746
610, 0.4993667505912871
611, 0.4994583047226673
612, 0.49964141298542764
613, 0.499473563744564
614, 0.49967193102922103
615, 0.49962615396353094
616, 0.4994125276569772
617, 0.4993972686350805
618, 0.4997177080949111
619, 0.4994430457007706
620, 0.4994430457007706
621, 0.49964141298542764
622, 0.49958037689784085
623, 0.4994430457007706
624, 0.4997329671168078
625, 0.49953459983215076
626, 0.49964141298542764
627, 0.4993820096131838
628, 0.4994430457007706
629, 0.49961089494163424
630, 0.49948882276646067
631, 0.49965667200732433
632, 0.49961089494163424
633, 0.49965667200732433
634, 0.49956511787594415
635, 0.49953459983215076
636, 0.4994277866788739
637, 0.4993514915693904
638, 0.49959563591973755
639, 0.49964141298542764
640, 0.4994430457007706
641, 0.499824521248188
642, 0.4994125276569772
643, 0.4994125276569772
644, 0.49953459983215076
645, 0.49964141298542764
646, 0.49953459983215076
647, 0.49965667200732433
648, 0.49964141298542764
649, 0.49961089494163424
650, 0.49951934081025406
651, 0.4994430457007706
652, 0.4993972686350805
653, 0.49965667200732433
654, 0.49965667200732433
655, 0.49964141298542764
656, 0.4996871900511177
657, 0.49950408178835737
658, 0.4993362325474937
659, 0.49951934081025406
660, 0.49965667200732433
661, 0.49953459983215076
662, 0.4993820096131838
663, 0.4993972686350805
664, 0.49950408178835737
665, 0.4994583047226673
666, 0.49965667200732433
667, 0.499824521248188
668, 0.49950408178835737
669, 0.49965667200732433
670, 0.49964141298542764
671, 0.49954985885404746
672, 0.49953459983215076
673, 0.49950408178835737
674, 0.4997329671168078
675, 0.49950408178835737
676, 0.4993972686350805
677, 0.4996871900511177
678, 0.49956511787594415
679, 0.4997634851606012
680, 0.49965667200732433
681, 0.49953459983215076
682, 0.49950408178835737
683, 0.4996871900511177
684, 0.49962615396353094
685, 0.4993820096131838
686, 0.499473563744564
687, 0.4997634851606012
688, 0.4993362325474937
689, 0.49958037689784085
690, 0.49953459983215076
691, 0.49953459983215076
692, 0.49961089494163424
693, 0.49964141298542764
694, 0.4994430457007706
695, 0.4996871900511177
696, 0.4993972686350805
697, 0.4994430457007706
698, 0.49956511787594415
699, 0.499320973525597
700, 0.49964141298542764
701, 0.49959563591973755
702, 0.49951934081025406
703, 0.4997329671168078
704, 0.49951934081025406
705, 0.49951934081025406
706, 0.4993667505912871
707, 0.4996871900511177
708, 0.49950408178835737
709, 0.4993820096131838
710, 0.49964141298542764
711, 0.4994430457007706
712, 0.4997482261387045
713, 0.49954985885404746
714, 0.49961089494163424
715, 0.4994430457007706
716, 0.4994583047226673
717, 0.4993514915693904
718, 0.49965667200732433
719, 0.49953459983215076
720, 0.49962615396353094
721, 0.4997482261387045
722, 0.4994430457007706
723, 0.4993057145037003
724, 0.49953459983215076
725, 0.49956511787594415
726, 0.4993667505912871
727, 0.49950408178835737
728, 0.49961089494163424
729, 0.4993972686350805
730, 0.49948882276646067
731, 0.49961089494163424
732, 0.49965667200732433
733, 0.4997482261387045
734, 0.49959563591973755
735, 0.49958037689784085
736, 0.49962615396353094
737, 0.49961089494163424
738, 0.4994125276569772
739, 0.4997634851606012
740, 0.49951934081025406
741, 0.49956511787594415
742, 0.4994430457007706
743, 0.4993667505912871
744, 0.49950408178835737
745, 0.4994125276569772
746, 0.49964141298542764
747, 0.4992904554818036
748, 0.4992599374380102
749, 0.4994430457007706
750, 0.49961089494163424
751, 0.4996871900511177
752, 0.49954985885404746
753, 0.49961089494163424
754, 0.4994277866788739
755, 0.4993820096131838
756, 0.4994583047226673
757, 0.4994277866788739
758, 0.49956511787594415
759, 0.49956511787594415
760, 0.49951934081025406
761, 0.4993820096131838
762, 0.49953459983215076
763, 0.4997634851606012
764, 0.4993667505912871
765, 0.4994430457007706
766, 0.49950408178835737
767, 0.4994430457007706
768, 0.4994125276569772
769, 0.49965667200732433
770, 0.49948882276646067
771, 0.49958037689784085
772, 0.49959563591973755
773, 0.4993820096131838
774, 0.4994125276569772
775, 0.49965667200732433
776, 0.49953459983215076
777, 0.49958037689784085
778, 0.4993820096131838
779, 0.49950408178835737
780, 0.49950408178835737
781, 0.4992904554818036
782, 0.49953459983215076
783, 0.49961089494163424
784, 0.4994430457007706
785, 0.49958037689784085
786, 0.49961089494163424
787, 0.4994430457007706
788, 0.49965667200732433
789, 0.49958037689784085
790, 0.49953459983215076
791, 0.49959563591973755
792, 0.4993514915693904
793, 0.49961089494163424
794, 0.4997024490730144
795, 0.49964141298542764
796, 0.4997634851606012
797, 0.4994125276569772
798, 0.4993514915693904
799, 0.4993972686350805
800, 0.4997177080949111
801, 0.49962615396353094
802, 0.49958037689784085
803, 0.49951934081025406
804, 0.49953459983215076
805, 0.49950408178835737
806, 0.4997634851606012
807, 0.4993972686350805
808, 0.4994430457007706
809, 0.49958037689784085
810, 0.49950408178835737
811, 0.4993362325474937
812, 0.49961089494163424
813, 0.49962615396353094
814, 0.4994430457007706
815, 0.4992751964599069
816, 0.4994125276569772
817, 0.4994430457007706
818, 0.49951934081025406
819, 0.4998855573357748
820, 0.499320973525597
821, 0.4998092622262913
822, 0.49948882276646067
823, 0.4994277866788739
824, 0.49950408178835737
825, 0.49965667200732433
826, 0.49951934081025406
827, 0.49964141298542764
828, 0.4993514915693904
829, 0.49958037689784085
830, 0.49948882276646067
831, 0.4993972686350805
832, 0.49951934081025406
833, 0.49951934081025406
834, 0.4994430457007706
835, 0.49958037689784085
836, 0.4993667505912871
837, 0.49958037689784085
838, 0.49956511787594415
839, 0.4994125276569772
840, 0.49958037689784085
841, 0.4994125276569772
842, 0.4993514915693904
843, 0.49958037689784085
844, 0.49965667200732433
845, 0.49958037689784085
846, 0.49950408178835737
847, 0.4994430457007706
848, 0.49951934081025406
849, 0.4994583047226673
850, 0.4994583047226673
851, 0.49964141298542764
852, 0.49958037689784085
853, 0.4993972686350805
854, 0.49948882276646067
855, 0.49948882276646067
856, 0.49951934081025406
857, 0.4997634851606012
858, 0.4997634851606012
859, 0.49965667200732433
860, 0.4997177080949111
861, 0.4997634851606012
862, 0.49964141298542764
863, 0.4994430457007706
864, 0.49953459983215076
865, 0.49961089494163424
866, 0.4993057145037003
867, 0.4993362325474937
868, 0.4992904554818036
869, 0.49961089494163424
870, 0.4994277866788739
871, 0.4994125276569772
872, 0.49953459983215076
873, 0.49958037689784085
874, 0.4993972686350805
875, 0.49951934081025406
876, 0.49948882276646067
877, 0.4994430457007706
878, 0.49950408178835737
879, 0.49962615396353094
880, 0.49965667200732433
881, 0.49948882276646067
882, 0.4994430457007706
883, 0.49948882276646067
884, 0.49961089494163424
885, 0.4992599374380102
886, 0.4994430457007706
887, 0.49959563591973755
888, 0.4994430457007706
889, 0.4993362325474937
890, 0.49951934081025406
891, 0.49951934081025406
892, 0.4997329671168078
893, 0.49951934081025406
894, 0.4994583047226673
895, 0.4996871900511177
896, 0.4993667505912871
897, 0.4992904554818036
898, 0.4994125276569772
899, 0.4994430457007706
900, 0.49967193102922103
901, 0.4994583047226673
902, 0.4993514915693904
903, 0.49961089494163424
904, 0.4997024490730144
905, 0.49950408178835737
906, 0.49961089494163424
907, 0.4994583047226673
908, 0.49953459983215076
909, 0.49953459983215076
910, 0.49948882276646067
911, 0.49964141298542764
912, 0.49964141298542764
913, 0.4993820096131838
914, 0.49948882276646067
915, 0.4996871900511177
916, 0.4997024490730144
917, 0.4996871900511177
918, 0.49948882276646067
919, 0.4997787441824979
920, 0.49965667200732433
921, 0.4997329671168078
922, 0.49958037689784085
923, 0.4994430457007706
924, 0.49950408178835737
925, 0.49951934081025406
926, 0.49962615396353094
927, 0.49961089494163424
928, 0.49964141298542764
929, 0.49954985885404746
930, 0.4994430457007706
931, 0.4992751964599069
932, 0.49964141298542764
933, 0.49962615396353094
934, 0.49956511787594415
935, 0.49958037689784085
936, 0.49953459983215076
937, 0.4994125276569772
938, 0.4993820096131838
939, 0.49961089494163424
940, 0.49951934081025406
941, 0.4994583047226673
942, 0.4994583047226673
943, 0.4993972686350805
944, 0.49953459983215076
945, 0.4994430457007706
946, 0.4994583047226673
947, 0.49950408178835737
948, 0.4993972686350805
949, 0.49954985885404746
950, 0.49953459983215076
951, 0.49950408178835737
952, 0.4994430457007706
953, 0.4997024490730144
954, 0.49964141298542764
955, 0.4994125276569772
956, 0.49924467841611353
957, 0.49956511787594415
958, 0.49948882276646067
959, 0.49965667200732433
960, 0.49958037689784085
961, 0.4997024490730144
962, 0.4993362325474937
963, 0.4996871900511177
964, 0.4994277866788739
965, 0.4992904554818036
966, 0.49962615396353094
967, 0.49958037689784085
968, 0.4992599374380102
969, 0.4994277866788739
970, 0.49950408178835737
971, 0.4993514915693904
972, 0.49953459983215076
973, 0.49951934081025406
974, 0.49964141298542764
975, 0.4993972686350805
976, 0.4992904554818036
977, 0.49958037689784085
978, 0.49951934081025406
979, 0.4994583047226673
980, 0.49951934081025406
981, 0.4997024490730144
982, 0.49951934081025406
983, 0.499320973525597
984, 0.49965667200732433
985, 0.49950408178835737
986, 0.49964141298542764
987, 0.49962615396353094
988, 0.49950408178835737
989, 0.49967193102922103
990, 0.4993820096131838
991, 0.49964141298542764
992, 0.4994430457007706
993, 0.4993362325474937
994, 0.49953459983215076
995, 0.49961089494163424
996, 0.49956511787594415
997, 0.4992904554818036
998, 0.4993362325474937
999, 0.49924467841611353
1000, 0.49951934081025406
